tensor([-2.0397e-01,  1.3563e-01, -1.4581e-01, -1.1983e-01, -6.2924e-01,
         4.8783e-01,  5.3357e-02,  4.9859e-01,  6.8311e-02,  5.3432e-02,
        -4.0587e-01,  1.5135e-01,  1.1675e-02,  5.6582e+00,  1.3351e+00,
        -8.1342e+00,  3.6128e+00, -2.8662e+00,  3.0168e+00,  4.5448e-01,
        -1.0853e-01, -2.5305e-01,  2.0172e-01, -6.3702e-02, -2.0308e-01,
         5.2030e+02,  2.1759e+02,  7.1786e+02,  8.8892e+02],
       grad_fn=<CatBackward0>)tensor([-1.8894e-02,  7.5298e-01,  4.0860e-01,  2.5132e-01, -9.8085e-01,
         1.3759e-01, -2.4338e-01, -1.9582e-01,  6.3641e-03, -2.6789e-01,
         2.9037e-01, -6.4936e-03,  8.6295e-02, -8.6190e+00, -2.7170e+00,
         3.3048e-01, -1.2024e+00,  6.4331e-01, -2.9856e+00,  8.3044e-01,
        -2.2235e+00,  3.5295e-01, -1.2461e+00, -6.9026e-01,  4.0877e-01,
         3.0530e+02,  1.6233e+02,  5.1208e+02,  7.5511e+02,  8.5880e+01,
         4.7991e+02,  2.2804e+02,  9.5873e+02], grad_fn=<CatBackward0>)
tensor([-4.1177e-01,  1.7109e+00,  1.0103e+00,  6.7881e-01, -1.4312e+00,
         7.1883e-01, -2.4338e-01, -1.9582e-01,  6.3641e-03, -2.6789e-01,
         2.9037e-01, -6.4936e-03,  8.6369e-02, -9.4962e+00, -3.0296e+00,
         3.8952e-01, -1.3118e+00,  6.7600e-01, -3.3033e+00,  7.2703e-01,
        -1.9436e+00,  2.6455e-01, -1.0590e+00, -5.8286e-01,  3.9205e-01,
         3.0522e+02,  1.6449e+02,  5.1778e+02,  7.5378e+02,  8.8797e+01,
         4.7004e+02,  2.2972e+02,  9.5921e+02], grad_fn=<CatBackward0>)
tensor([ 8.8463e-02,  4.9123e-01,  2.4418e-01,  1.3451e-01, -8.5779e-01,
        -2.1240e-02, -2.4338e-01, -1.9582e-01,  6.3641e-03, -2.6789e-01,
         2.9037e-01, -6.4936e-03,  8.6256e-02, -7.7783e+00, -2.4175e+00,
         2.7390e-01, -1.0975e+00,  6.1199e-01, -2.6812e+00,  7.2255e-01,
        -1.9315e+00,  2.6071e-01, -1.0509e+00, -5.7820e-01,  3.9132e-01,
         3.0859e+02,  1.6819e+02,  5.1748e+02,  7.6992e+02,  8.9451e+01,
         4.6977e+02,  2.3077e+02,  9.5807e+02], grad_fn=<CatBackward0>)
tensor([ 8.1670e-02,  5.0779e-01,  2.5459e-01,  1.4190e-01, -8.6558e-01,
        -1.1190e-02, -2.4338e-01, -1.9582e-01,  6.3641e-03, -2.6789e-01,
         2.9037e-01, -6.4936e-03,  8.6218e-02, -7.7761e+00, -2.4167e+00,
         2.7375e-01, -1.0972e+00,  6.1191e-01, -2.6804e+00,  8.4430e-01,
        -2.2610e+00,  3.6481e-01, -1.2712e+00, -7.0466e-01,  4.1101e-01,
         3.1127e+02,  1.7165e+02,  5.2191e+02,  7.9047e+02,  8.6381e+01,
         4.7883e+02,  2.3103e+02,  9.5849e+02], grad_fn=<CatBackward0>)
tensor([-3.7328e-02,  7.9792e-01,  4.3683e-01,  2.7138e-01, -1.0020e+00,
         1.6486e-01, -2.4338e-01, -1.9582e-01,  6.3641e-03, -2.6789e-01,
         2.9037e-01, -6.4936e-03,  8.6322e-02, -9.6577e+00, -3.0872e+00,
         4.0038e-01, -1.3319e+00,  6.8201e-01, -3.3618e+00,  8.1931e-01,
        -2.1934e+00,  3.4343e-01, -1.2260e+00, -6.7870e-01,  4.0697e-01,
         3.1590e+02,  1.7575e+02,  5.3137e+02,  8.1768e+02,  8.8710e+01,
         4.7023e+02,  2.3132e+02,  9.5861e+02], grad_fn=<CatBackward0>)
tensor([-6.8681e-02,  8.7436e-01,  4.8485e-01,  3.0549e-01, -1.0379e+00,
         2.1125e-01, -2.4338e-01, -1.9582e-01,  6.3641e-03, -2.6789e-01,
         2.9037e-01, -6.4936e-03,  8.6363e-02, -9.5943e+00, -3.0646e+00,
         3.9612e-01, -1.3240e+00,  6.7965e-01, -3.3388e+00,  8.5398e-01,
        -2.2872e+00,  3.7308e-01, -1.2887e+00, -7.1471e-01,  4.1258e-01,
         3.2234e+02,  1.7892e+02,  5.4195e+02,  8.3405e+02,  8.5395e+01,
         4.7620e+02,  2.3253e+02,  9.5807e+02], grad_fn=<CatBackward0>)
tensor([ 1.8073e-01,  2.6627e-01,  1.0287e-01,  3.4107e-02, -7.5202e-01,
        -1.5775e-01, -2.4338e-01, -1.9582e-01,  6.3641e-03, -2.6789e-01,
         2.9037e-01, -6.4936e-03,  8.6367e-02, -8.9705e+00, -2.8423e+00,
         3.5413e-01, -1.2462e+00,  6.5641e-01, -3.1129e+00,  8.3084e-01,
        -2.2246e+00,  3.5330e-01, -1.2469e+00, -6.9068e-01,  4.0884e-01,
         3.2748e+02,  1.8156e+02,  5.4508e+02,  8.3689e+02,  8.8143e+01,
         4.6991e+02,  2.3188e+02,  9.5773e+02], grad_fn=<CatBackward0>)
tensor([ 1.5165e-01,  3.3717e-01,  1.4741e-01,  6.5749e-02, -7.8536e-01,
        -1.1473e-01, -2.4338e-01, -1.9582e-01,  6.3641e-03, -2.6789e-01,
         2.9037e-01, -6.4936e-03,  8.6359e-02, -8.9053e+00, -2.8191e+00,
         3.4975e-01, -1.2381e+00,  6.5398e-01, -3.0893e+00,  8.2019e-01,
        -2.1958e+00,  3.4419e-01, -1.2276e+00, -6.7961e-01,  4.0711e-01,
         3.3810e+02,  1.8628e+02,  5.5339e+02,  8.4566e+02,  8.7839e+01,
         4.6984e+02,  2.3134e+02,  9.5768e+02], grad_fn=<CatBackward0>)
tensor([-1.0360e-01,  9.5951e-01,  5.3833e-01,  3.4349e-01, -1.0779e+00,
         2.6291e-01, -2.4338e-01, -1.9582e-01,  6.3641e-03, -2.6789e-01,
         2.9037e-01, -6.4936e-03,  8.6357e-02, -8.8953e+00, -2.8155e+00,
         3.4908e-01, -1.2368e+00,  6.5361e-01, -3.0857e+00,  8.3205e-01,
        -2.2279e+00,  3.5433e-01, -1.2490e+00, -6.9193e-01,  4.0903e-01,
         3.4719e+02,  1.8543e+02,  5.6124e+02,  8.4693e+02,  8.5016e+01,
         4.7777e+02,  2.3183e+02,  9.5875e+02], grad_fn=<CatBackward0>)
tensor([-1.0598e-01,  9.6532e-01,  5.4198e-01,  3.4609e-01, -1.0807e+00,
         2.6644e-01, -2.4338e-01, -1.9582e-01,  6.3641e-03, -2.6789e-01,
         2.9037e-01, -6.4936e-03,  8.6363e-02, -8.8332e+00, -2.7934e+00,
         3.4489e-01, -1.2291e+00,  6.5130e-01, -3.0632e+00,  8.3735e-01,
        -2.2422e+00,  3.5886e-01, -1.2586e+00, -6.9744e-01,  4.0989e-01,
         3.5207e+02,  1.8459e+02,  5.6758e+02,  8.4791e+02,  8.7986e+01,
         4.6923e+02,  2.3140e+02,  9.5823e+02], grad_fn=<CatBackward0>)
tensor([ 2.0506e-01,  1.9833e-01,  5.5041e-02,  7.3324e-03, -7.1505e-01,
        -1.9933e-01, -2.4338e-01, -1.9582e-01,  6.3641e-03, -2.6789e-01,
         2.9037e-01, -6.4936e-03,  8.6353e-02, -8.6864e+00, -2.7411e+00,
         3.3501e-01, -1.2108e+00,  6.4583e-01, -3.0101e+00,  8.3072e-01,
        -2.2242e+00,  3.5319e-01, -1.2466e+00, -6.9055e-01,  4.0882e-01,
         3.5881e+02,  1.8437e+02,  5.7868e+02,  8.4981e+02,  8.6533e+01,
         4.6980e+02,  2.3172e+02,  9.5752e+02], grad_fn=<CatBackward0>)
tensor([ 2.1379e-01,  1.6676e-01,  2.9062e-02, -2.5325e-03, -6.9421e-01,
        -2.1891e-01, -2.4338e-01, -1.9582e-01,  6.3641e-03, -2.6789e-01,
         2.9037e-01, -6.4936e-03,  8.6360e-02, -8.8168e+00, -2.7875e+00,
         3.4379e-01, -1.2270e+00,  6.5068e-01, -3.0573e+00,  8.2974e-01,
        -2.2216e+00,  3.5236e-01, -1.2449e+00, -6.8954e-01,  4.0866e-01,
         3.6929e+02,  1.8517e+02,  5.9079e+02,  8.4661e+02,  8.7763e+01,
         4.6952e+02,  2.3162e+02,  9.5777e+02], grad_fn=<CatBackward0>)
tensor([-1.2077e-01,  1.0014e+00,  5.6463e-01,  3.6218e-01, -1.0976e+00,
         2.8831e-01, -2.4338e-01, -1.9582e-01,  6.3641e-03, -2.6789e-01,
         2.9037e-01, -6.4936e-03,  8.6297e-02, -8.7670e+00, -2.7698e+00,
         3.4044e-01, -1.2208e+00,  6.4883e-01, -3.0392e+00,  7.6439e-01,
        -2.0447e+00,  2.9648e-01, -1.1266e+00, -6.2165e-01,  3.9809e-01,
         3.7829e+02,  1.8656e+02,  5.9725e+02,  8.4485e+02,  8.8143e+01,
         4.7066e+02,  2.3239e+02,  9.6530e+02], grad_fn=<CatBackward0>)
tensor([-1.0424e-01,  9.6106e-01,  5.3931e-01,  3.4419e-01, -1.0787e+00,
         2.6386e-01, -2.4338e-01, -1.9582e-01,  6.3641e-03, -2.6789e-01,
         2.9037e-01, -6.4936e-03,  8.6348e-02, -9.2414e+00, -2.9388e+00,
         3.7237e-01, -1.2800e+00,  6.6650e-01, -3.2110e+00,  7.7580e-01,
        -2.0756e+00,  3.0624e-01, -1.1473e+00, -6.3351e-01,  3.9994e-01,
         3.9086e+02,  1.8658e+02,  6.0877e+02,  8.5058e+02,  8.7379e+01,
         4.7154e+02,  2.3070e+02,  9.6429e+02], grad_fn=<CatBackward0>)
tensor([ 2.2632e-01,  1.2147e-01, -8.2058e-03, -1.6683e-02, -6.6432e-01,
        -2.4700e-01, -2.4338e-01, -1.9582e-01,  6.3641e-03, -2.6789e-01,
         2.9037e-01, -6.4936e-03,  8.6325e-02, -8.7184e+00, -2.7525e+00,
         3.3717e-01, -1.2148e+00,  6.4702e-01, -3.0217e+00,  7.9358e-01,
        -2.1237e+00,  3.2144e-01, -1.1794e+00, -6.5198e-01,  4.0281e-01,
         4.0354e+02,  1.8759e+02,  6.1663e+02,  8.7966e+02,  8.7110e+01,
         4.6981e+02,  2.3136e+02,  9.5869e+02], grad_fn=<CatBackward0>)
tensor([-1.1766e-01,  9.9378e-01,  5.5986e-01,  3.5879e-01, -1.0941e+00,
         2.8371e-01, -2.4338e-01, -1.9582e-01,  6.3641e-03, -2.6789e-01,
         2.9037e-01, -6.4936e-03,  8.6331e-02, -9.0013e+00, -2.8533e+00,
         3.5621e-01, -1.2501e+00,  6.5756e-01, -3.1241e+00,  7.8993e-01,
        -2.1139e+00,  3.1832e-01, -1.1728e+00, -6.4819e-01,  4.0222e-01,
         4.0901e+02,  1.8887e+02,  6.1955e+02,  8.9147e+02,  8.6546e+01,
         4.6994e+02,  2.3196e+02,  9.5891e+02], grad_fn=<CatBackward0>)
tensor([-3.5886e-01,  1.5819e+00,  9.2927e-01,  6.2125e-01, -1.3705e+00,
         6.4056e-01, -2.4338e-01, -1.9582e-01,  6.3641e-03, -2.6789e-01,
         2.9037e-01, -6.4936e-03,  8.6377e-02, -9.2886e+00, -2.9556e+00,
         3.7554e-01, -1.2859e+00,  6.6826e-01, -3.2281e+00,  7.6475e-01,
        -2.0457e+00,  2.9679e-01, -1.1273e+00, -6.2203e-01,  3.9815e-01,
         4.2852e+02,  1.8984e+02,  6.2549e+02,  8.9817e+02,  8.5645e+01,
         4.7164e+02,  2.3102e+02,  9.6598e+02], grad_fn=<CatBackward0>)
tensor([-3.8177e-01,  1.6377e+00,  9.6436e-01,  6.4617e-01, -1.3968e+00,
         6.7445e-01, -5.1217e-01, -5.1621e-01, -7.3506e-02, -6.9386e-01,
         1.8291e-01,  3.2653e-01,  8.6425e-02, -9.2519e+00, -2.9426e+00,
         3.7307e-01, -1.2813e+00,  6.6689e-01, -3.2148e+00,  7.6929e-01,
        -2.0580e+00,  3.0067e-01, -1.1355e+00, -6.2675e-01,  3.9888e-01,
         4.5206e+02,  1.9300e+02,  6.3631e+02,  8.9410e+02,  8.6041e+01,
         4.7081e+02,  2.3117e+02,  9.5747e+02], grad_fn=<CatBackward0>)
tensor([-3.9605e-01,  1.6725e+00,  9.8622e-01,  6.6170e-01, -1.4132e+00,
         6.9557e-01, -2.4338e-01, -1.9582e-01,  6.3641e-03, -2.6789e-01,
         2.9037e-01, -6.4936e-03,  8.6307e-02, -9.2961e+00, -2.9583e+00,
         3.7605e-01, -1.2868e+00,  6.6854e-01, -3.2309e+00,  7.0463e-01,
        -1.8830e+00,  2.4539e-01, -1.0185e+00, -5.5959e-01,  3.8843e-01,
         4.5979e+02,  1.9748e+02,  6.4511e+02,  8.9673e+02,  8.5619e+01,
         4.7099e+02,  2.3096e+02,  9.5840e+02], grad_fn=<CatBackward0>)
tensor([-2.2558e-02,  7.6191e-01,  4.1421e-01,  2.5531e-01, -9.8505e-01,
         1.4301e-01, -9.6079e-01, -9.6065e-01, -3.2972e-01, -1.6967e+00,
         1.2796e-01,  7.4793e-01,  8.6450e-02, -9.1690e+00, -2.9130e+00,
         3.6749e-01, -1.2710e+00,  6.6380e-01, -3.1848e+00,  7.1424e-01,
        -1.9090e+00,  2.5360e-01, -1.0358e+00, -5.6956e-01,  3.8998e-01,
         4.6394e+02,  1.9493e+02,  6.5847e+02,  8.9753e+02,  8.4832e+01,
         4.7028e+02,  2.3196e+02,  9.5734e+02], grad_fn=<CatBackward0>)
tensor([-2.4121e-01,  1.2950e+00,  7.4908e-01,  4.9322e-01, -1.2357e+00,
         4.6649e-01, -3.1039e-01, -2.4812e-01,  1.3578e-02, -2.4894e-01,
         2.2608e-01,  7.4748e-02,  8.6363e-02, -1.0536e+01, -3.4001e+00,
         4.5949e-01, -1.4415e+00,  7.1473e-01, -3.6799e+00,  7.1878e-01,
        -1.9213e+00,  2.5749e-01, -1.0441e+00, -5.7428e-01,  3.9071e-01,
         4.7102e+02,  1.9425e+02,  6.6786e+02,  8.9844e+02,  8.4878e+01,
         4.7136e+02,  2.3209e+02,  9.6564e+02], grad_fn=<CatBackward0>)
tensor([ 2.3029e-01,  1.0714e-01, -2.0002e-02, -2.1163e-02, -6.5486e-01,
        -2.5589e-01, -2.4338e-01, -1.9582e-01,  6.3641e-03, -2.6789e-01,
         2.9037e-01, -6.4936e-03,  8.6331e-02, -8.9943e+00, -2.8508e+00,
         3.5574e-01, -1.2492e+00,  6.5730e-01, -3.1216e+00,  8.0533e-01,
        -2.1555e+00,  3.3149e-01, -1.2007e+00, -6.6418e-01,  4.0471e-01,
         4.8132e+02,  1.9385e+02,  6.7259e+02,  8.9902e+02,  8.4870e+01,
         4.7022e+02,  2.3234e+02,  9.5680e+02], grad_fn=<CatBackward0>)
tensor([-1.2959e-01,  1.0229e+00,  5.7813e-01,  3.7177e-01, -1.1077e+00,
         3.0136e-01, -2.4338e-01, -1.9582e-01,  6.3641e-03, -2.6789e-01,
         2.9037e-01, -6.4936e-03,  8.6422e-02, -9.3742e+00, -2.9861e+00,
         3.8130e-01, -1.2966e+00,  6.7145e-01, -3.2591e+00,  7.8499e-01,
        -2.1005e+00,  3.1410e-01, -1.1639e+00, -6.4305e-01,  4.0142e-01,
         4.9848e+02,  1.9819e+02,  6.8366e+02,  8.9903e+02,  8.2353e+01,
         4.7346e+02,  2.3303e+02,  9.5784e+02], grad_fn=<CatBackward0>)
tensor([-4.9931e-01,  1.9243e+00,  1.1444e+00,  7.7407e-01, -1.5315e+00,
         8.4835e-01, -2.4338e-01, -1.9582e-01,  6.3641e-03, -2.6789e-01,
         2.9037e-01, -6.4936e-03,  8.6427e-02, -9.1919e+00, -2.9212e+00,
         3.6904e-01, -1.2738e+00,  6.6466e-01, -3.1931e+00,  9.8318e-01,
        -2.6369e+00,  4.8354e-01, -1.5226e+00, -8.4891e-01,  4.3347e-01,
         5.1895e+02,  2.0866e+02,  6.9344e+02,  9.0058e+02,  8.5874e+01,
         4.6983e+02,  2.3125e+02,  9.5696e+02], grad_fn=<CatBackward0>)
tensor([-3.7816e-01,  1.6289e+00,  9.5883e-01,  6.4225e-01, -1.3927e+00,
         6.6911e-01, -2.4338e-01, -1.9582e-01,  6.3641e-03, -2.6789e-01,
         2.9037e-01, -6.4936e-03,  8.6439e-02, -9.2473e+00, -2.9409e+00,
         3.7276e-01, -1.2808e+00,  6.6672e-01, -3.2132e+00,  7.6529e-01,
        -2.0472e+00,  2.9725e-01, -1.1282e+00, -6.2259e-01,  3.9824e-01,
         5.2548e+02,  2.1330e+02,  6.9712e+02,  9.0070e+02,  8.5179e+01,
         4.6937e+02,  2.3164e+02,  9.5719e+02], grad_fn=<CatBackward0>)
tensor([-4.6123e-01,  1.8314e+00,  1.0860e+00,  7.3263e-01, -1.4879e+00,
         7.9200e-01, -2.4338e-01, -1.9582e-01,  6.3641e-03, -2.6789e-01,
         2.9037e-01, -6.4936e-03,  8.6729e-02, -1.6665e+01, -5.5838e+00,
         8.7196e-01, -2.2060e+00,  9.4306e-01, -5.8993e+00,  9.9315e-01,
        -2.6639e+00,  4.9206e-01, -1.5406e+00, -8.5927e-01,  4.3508e-01,
         5.3248e+02,  2.2461e+02,  7.1439e+02,  9.0227e+02,  8.2483e+01,
         4.7466e+02,  2.3331e+02,  9.5714e+02], grad_fn=<CatBackward0>)
tensor([-1.9478e-01,  1.1818e+00,  6.7798e-01,  4.4271e-01, -1.1825e+00,
         3.9781e-01, -2.4338e-01, -1.9582e-01,  6.3641e-03, -2.6789e-01,
         2.9037e-01, -6.4936e-03,  8.6463e-02, -9.1736e+00, -2.9147e+00,
         3.6781e-01, -1.2716e+00,  6.6398e-01, -3.1865e+00,  9.8646e-01,
        -2.6458e+00,  4.8634e-01, -1.5285e+00, -8.5231e-01,  4.3400e-01,
         5.3638e+02,  2.4627e+02,  7.4311e+02,  8.9989e+02,  8.5287e+01,
         4.6985e+02,  2.3239e+02,  9.5711e+02], grad_fn=<CatBackward0>)
tensor([ 6.3251e-02,  5.5270e-01,  2.8280e-01,  1.6194e-01, -8.8669e-01,
         1.6060e-02, -2.4338e-01, -1.9582e-01,  6.3641e-03, -2.6789e-01,
         2.9037e-01, -6.4936e-03,  8.6428e-02, -9.2985e+00, -2.9592e+00,
         3.7621e-01, -1.2871e+00,  6.6863e-01, -3.2317e+00,  7.8844e-01,
        -2.1098e+00,  3.1705e-01, -1.1701e+00, -6.4664e-01,  4.0198e-01,
         5.4167e+02,  2.6129e+02,  7.5153e+02,  8.9765e+02,  8.6250e+01,
         4.6975e+02,  2.3295e+02,  9.5737e+02], grad_fn=<CatBackward0>)
tensor([-2.0144e-01,  1.1980e+00,  6.8817e-01,  4.4995e-01, -1.1901e+00,
         4.0766e-01, -2.4338e-01, -1.9582e-01,  6.3641e-03, -2.6789e-01,
         2.9037e-01, -6.4936e-03,  8.6439e-02, -9.2388e+00, -2.9379e+00,
         3.7219e-01, -1.2797e+00,  6.6640e-01, -3.2101e+00,  7.2903e-01,
        -1.9490e+00,  2.6625e-01, -1.0626e+00, -5.8493e-01,  3.9237e-01,
         5.4567e+02,  2.9427e+02,  7.7099e+02,  8.9714e+02,  8.6082e+01,
         4.6984e+02,  2.3228e+02,  9.5713e+02], grad_fn=<CatBackward0>)
tensor([ 2.6931e-01, -3.3912e-02, -1.3607e-01, -6.5235e-02, -5.6176e-01,
        -3.4338e-01, -2.4338e-01, -1.9582e-01,  6.3641e-03, -2.6789e-01,
         2.9037e-01, -6.4936e-03,  8.6982e-02, -1.4141e+00, -1.4521e-01,
        -1.4736e-01, -3.0504e-01,  3.8232e-01, -3.7942e-01,  1.3847e+00,
        -3.7236e+00,  8.2678e-01, -2.2491e+00, -1.2659e+00,  4.9839e-01,
         5.5901e+02,  3.4013e+02,  7.9995e+02,  8.9107e+02],
       grad_fn=<CatBackward0>)
