tensor([[[[183.9395, 834.9937],
          [215.2431, 562.6519],
          [212.1127, 556.3912],
          [168.2876, 521.9571],
          [187.0698, 521.9571],
          [174.5484, 550.1304],
          [193.3306, 553.2608],
          [177.6787, 690.9969],
          [205.8520, 622.1288],
          [187.0698, 540.7393],
          [152.6358, 709.7791],
          [143.2447, 697.2576],
          [165.1573, 697.2576],
          [133.8536, 825.6026],
          [155.7662, 834.9937],
          [162.0269, 919.5135],
          [162.0269, 919.5135]]]], dtype=torch.float64)